10135	23.00	11.0	17.0	13.5
10141	4.00	22.0	22.0	22.0
10155	9.00	4.0	74.0	28.375
10157	11.00	87.0	96.0	91.5
10185	3.00	1.0	55.0	17.428571428571427
10257	5.00	1.0	241.0	33.96296296296296
10279	2.00	1.0	95.0	33.76190476190476
10299	6.00	1.0	375.0	40.7
10397	7.00	1.0	653.0	33.428733031674206
10423	77.00	1.0	340.0	29.313725490196077
10431	2.00	1.0	152.0	48.0
10469	39.00	1.0	122.0	56.857142857142854
10529	9.00	1.0	293.0	33.25675675675676
10561	141.00	3.0	96.0	35.833333333333336
10599	13.00	1.0	154.0	31.232558139534884
10627	3.00	2.0	272.0	49.0
10631	2.00	4.0	4.0	4.0
10685	5.00	3.0	241.0	56.09090909090909
10693	37.00	1.0	391.0	31.804054054054053
10713	2.00	1.0	122.0	28.333333333333332
10721	24.00	1.0	292.0	34.5014409221902
10731	1.00	187.0	187.0	187.0
10747	20.00	6.0	51.0	23.0
10779	12.00	9.0	9.0	9.0
10781	5.00	1.0	200.0	43.166666666666664
10785	61.00	2.0	144.0	54.875
10821	1.00	1.0	475.0	30.74721189591078
10849	1.00	2.0	214.0	59.0
11003	109.00	3.0	206.0	43.05714285714286
11013	3.00	11.0	123.0	67.0
11041	4.00	1.0	24.0	13.333333333333334
11049	21.00	1.0	40.0	15.9
11057	43.00	1.0	263.0	25.66111111111111
11067	23.00	1.0	129.0	42.38461538461539
11097	1.00	2.0	25.0	13.5
11109	77.00	3.0	224.0	44.189189189189186
11111	3.00	39.0	380.0	155.66666666666666
11193	8.00	1.0	179.0	32.3625
11203	89.00	2.0	150.0	42.4
11259	43.00	1.0	278.0	27.4468085106383
11267	3.00	2.0	218.0	30.392857142857142
11315	29.00	5.0	175.0	64.0
11337	59.00	2.0	177.0	71.5
11413	122.00	4.0	40.0	19.666666666666668
11423	8.00	1.0	167.0	35.09756097560975
11433	4.00	1.0	514.0	34.966257668711656
11447	114.00	13.0	13.0	13.0
11471	164.00	3.0	264.0	93.0
11481	2.00	4.0	31.0	13.714285714285714
11503	81.00	1.0	124.0	39.18181818181818
11525	10.00	11.0	59.0	35.0
11537	48.00	1.0	64.0	29.75
11577	34.00	3.0	70.0	20.5
11587	245.00	35.0	35.0	35.0
11603	5.00	3.0	94.0	25.833333333333332
11637	41.00	1.0	127.0	28.0
11641	9.00	4.0	41.0	18.333333333333332
11695	18.00	3.0	112.0	54.25
11697	5.00	1.0	269.0	33.032407407407405
11721	27.00	1.0	171.0	49.333333333333336
11775	2.00	1.0	165.0	43.58064516129032
11823	39.00	7.0	129.0	38.4
11865	8.00	17.0	56.0	35.75
11905	42.00	12.0	92.0	52.0
11921	14.00	1.0	39.0	12.571428571428571
11953	3.00	2.0	86.0	17.77777777777778
11973	7.00	2.0	113.0	35.81818181818182
11977	6.00	1.0	113.0	26.59090909090909
11995	2.00	1.0	307.0	36.4
12003	1.00	1.0	89.0	28.22222222222222
12007	11.00	42.0	42.0	42.0
12129	19.00	1.0	51.0	23.333333333333332
12173	15.00	1.0	1013.0	25.053475935828878
12177	5.00	2.0	73.0	37.5
12191	15.00	1.0	171.0	25.943396226415093
12197	74.00	1.0	233.0	39.666666666666664
12217	7.00	1.0	159.0	48.526315789473685
12255	15.00	13.0	13.0	13.0
12265	38.00	26.0	26.0	26.0
12335	114.00	69.0	69.0	69.0
12339	68.00	1.0	262.0	29.71875
12389	52.00	2.0	89.0	28.533333333333335
12391	36.00	1.0	240.0	42.53846153846154
12441	18.00	1.0	320.0	40.31818181818182
12451	118.00	1.0	142.0	30.076923076923077
12511	12.00	32.0	47.0	39.5
12519	72.00	5.0	104.0	50.75
12523	1.00	2.0	51.0	15.5
12819	18.00	4.0	43.0	18.11111111111111
12889	4.00	1.0	251.0	30.05540166204986
12891	39.00	10.0	45.0	25.5
12915	7.00	7.0	43.0	20.2
12945	15.00	1.0	136.0	29.391304347826086
12951	24.00	1.0	92.0	25.2
12953	15.00	1.0	331.0	39.16746411483253
13029	3.00	1.0	123.0	41.857142857142854
13061	32.00	2.0	172.0	33.888888888888886
13241	246.00	11.0	12.0	11.5
13277	3.00	11.0	60.0	32.6
13303	17.00	1.0	237.0	30.863309352517987
13367	90.00	1.0	205.0	44.473684210526315
13377	40.00	7.0	161.0	55.8
13433	61.00	2.0	37.0	14.833333333333334
13485	227.00	2.0	251.0	41.38709677419355
13487	16.00	1.0	371.0	29.350157728706623
13495	4.00	1.0	199.0	27.936363636363637
13577	8.00	6.0	104.0	39.625
13795	2.00	2.0	33.0	14.75
13851	13.00	1.0	150.0	34.86206896551724
13871	26.00	1.0	140.0	27.509090909090908
13873	14.00	8.0	8.0	8.0
13891	18.00	1.0	97.0	22.864406779661017
13931	8.00	1.0	166.0	30.151515151515152
14025	32.00	9.0	13.0	11.0
14027	4.00	1.0	141.0	31.674157303370787
14057	1.00	1.0	185.0	27.64748201438849
14107	17.00	1.0	498.0	30.27429805615551
14113	5.00	2.0	3.0	2.5
14193	176.00	1.0	169.0	18.05
14307	29.00	1.0	95.0	24.5
14321	29.00	1.0	97.0	25.375
14457	15.00	2.0	108.0	39.666666666666664
14487	4.00	3.0	134.0	62.0
14489	8.00	2.0	131.0	38.666666666666664
14543	138.00	4.0	12.0	8.0
14633	38.00	1.0	179.0	38.111111111111114
14635	2.00	1.0	484.0	38.391752577319586
14679	27.00	1.0	267.0	21.112107623318387
14683	7.00	1.0	391.0	33.76068376068376
14685	25.00	3.0	201.0	32.65
14689	112.00	1.0	152.0	30.076923076923077
14709	11.00	3.0	12.0	7.5
14711	3.00	6.0	33.0	22.0
14747	4.00	1.0	531.0	32.382716049382715
14771	38.00	1.0	556.0	44.23943661971831
14783	23.00	3.0	223.0	56.095238095238095
14831	1.00	1.0	206.0	27.62992125984252
14843	5.00	1.0	209.0	32.38461538461539
14869	6.00	1.0	475.0	27.594488188976378
14893	18.00	1.0	135.0	26.59504132231405
15027	12.00	4.0	4.0	4.0
15041	13.00	25.0	33.0	28.333333333333332
15249	10.00	1.0	55.0	17.77777777777778
15295	37.00	4.0	40.0	19.0
15323	56.00	1.0	78.0	29.666666666666668
15389	18.00	1.0	32.0	10.8
15411	4.00	6.0	149.0	55.333333333333336
15607	20.00	50.0	50.0	50.0
15919	17.00	1.0	119.0	33.34285714285714
15991	20.00	3.0	41.0	22.0
