10136	29.00	1.0	76.0	19.666666666666668
10140	19.00	1.0	126.0	19.852941176470587
10146	13.00	12.0	34.0	21.0
10158	4.00	2.0	147.0	58.15384615384615
10170	54.00	76.0	76.0	76.0
10208	9.00	1.0	246.0	50.8
10268	154.00	2.0	223.0	60.0
10372	88.00	5.0	136.0	36.26470588235294
10408	96.00	3.0	146.0	54.333333333333336
10434	15.00	1.0	20.0	10.666666666666666
10620	16.00	5.0	58.0	31.142857142857142
10666	20.00	3.0	3.0	3.0
10728	36.00	14.0	35.0	21.0
10732	109.00	3.0	15.0	7.0
10754	4.00	2.0	306.0	67.33333333333333
10792	8.00	1.0	128.0	23.833333333333332
10800	192.00	1.0	183.0	25.863636363636363
10868	15.00	1.0	119.0	30.185185185185187
10874	3.00	1.0	83.0	20.6
10918	15.00	1.0	1.0	1.0
10926	151.00	1.0	1.0	1.0
10930	138.00	20.0	46.0	33.0
10980	32.00	2.0	124.0	29.166666666666668
10990	44.00	2.0	173.0	83.6
10994	1.00	1.0	198.0	21.62857142857143
11042	4.00	1.0	326.0	39.54814814814815
11066	6.00	1.0	315.0	40.76470588235294
11076	59.00	2.0	69.0	25.5
11122	2.00	5.0	98.0	43.0
11140	72.00	3.0	89.0	19.555555555555557
11146	6.00	1.0	20.0	10.857142857142858
11150	46.00	19.0	63.0	37.666666666666664
11252	4.00	2.0	49.0	17.8
11274	12.00	9.0	83.0	40.666666666666664
11278	30.00	1.0	396.0	32.33469387755102
11292	95.00	1.0	420.0	36.43472222222222
11298	75.00	1.0	1201.0	40.552497451580024
11308	12.00	45.0	91.0	70.0
11540	41.00	1.0	140.0	23.897959183673468
11612	43.00	1.0	101.0	33.25
11618	32.00	1.0	557.0	39.299065420560744
11630	2.00	17.0	38.0	27.5
11638	2.00	1.0	82.0	24.9375
11648	4.00	5.0	77.0	29.571428571428573
11778	13.00	4.0	93.0	20.285714285714285
11884	17.00	1.0	117.0	25.956521739130434
11898	7.00	2.0	2.0	2.0
11980	9.00	5.0	38.0	16.666666666666668
11982	69.00	1.0	148.0	20.77777777777778
11986	5.00	2.0	313.0	41.90384615384615
11996	10.00	3.0	149.0	44.15
12012	42.00	154.0	154.0	154.0
12016	4.00	22.0	22.0	22.0
12094	18.00	2.0	48.0	17.625
12156	28.00	6.0	6.0	6.0
12206	24.00	2.0	53.0	23.0
12264	23.00	1.0	256.0	28.037735849056602
12266	10.00	1.0	464.0	33.62657091561939
12278	93.00	1.0	186.0	50.29032258064516
12280	15.00	3.0	103.0	54.0
12402	9.00	1.0	44.0	8.7
12448	5.00	1.0	97.0	25.814814814814813
12478	156.00	1.0	395.0	37.31454005934718
12758	1.00	1.0	148.0	20.13157894736842
12884	21.00	9.0	47.0	28.666666666666668
12888	161.00	49.0	49.0	49.0
12892	11.00	1.0	462.0	31.78827361563518
12896	58.00	2.0	81.0	22.53846153846154
12898	2.00	2.0	94.0	41.0
12954	54.00	1.0	121.0	32.1
12982	10.00	1.0	195.0	21.102564102564102
12992	70.00	1.0	205.0	35.86
13076	58.00	8.0	68.0	39.166666666666664
13158	12.00	1.0	153.0	28.653846153846153
13184	6.00	6.0	81.0	36.333333333333336
13198	8.00	1.0	236.0	28.93076923076923
13204	17.00	1.0	306.0	32.0633608815427
13230	91.00	1.0	124.0	34.5
13232	10.00	1.0	206.0	25.787644787644787
13244	4.00	1.0	188.0	34.59183673469388
13256	70.00	1.0	142.0	36.72727272727273
13264	33.00	3.0	84.0	27.857142857142858
13290	111.00	2.0	45.0	14.6
13296	7.00	1.0	110.0	31.476190476190474
13342	4.00	1.0	215.0	21.821052631578947
13344	81.00	14.0	14.0	14.0
13360	3.00	9.0	9.0	9.0
13422	32.00	5.0	100.0	35.9
13476	48.00	2.0	186.0	36.333333333333336
13486	7.00	4.0	7.0	5.5
13502	5.00	2.0	137.0	34.8
13796	10.00	1.0	176.0	29.821138211382113
13830	24.00	1.0	272.0	23.6875
13930	14.00	1.0	529.0	44.941282746160795
14098	16.00	7.0	15.0	9.666666666666666
14100	6.00	1.0	336.0	31.776859504132233
14108	2.00	3.0	217.0	52.529411764705884
14122	5.00	1.0	368.0	30.310344827586206
14252	5.00	2.0	115.0	50.875
14256	19.00	3.0	4.0	3.5
14262	76.00	1.0	170.0	23.771929824561404
14288	15.00	4.0	59.0	31.5
14492	94.00	1.0	165.0	28.097560975609756
14520	7.00	9.0	49.0	29.0
14524	52.00	1.0	175.0	27.295454545454547
14570	15.00	1.0	149.0	24.595744680851062
14574	17.00	4.0	109.0	43.0
14576	60.00	1.0	163.0	32.3125
14588	10.00	2.0	2.0	2.0
14674	22.00	3.0	36.0	15.428571428571429
14696	11.00	1.0	245.0	66.55555555555556
14698	123.00	1.0	74.0	16.833333333333332
14730	31.00	1.0	113.0	21.57777777777778
14794	27.00	3.0	9.0	6.666666666666667
14814	4.00	1.0	63.0	25.0
14828	6.00	3.0	81.0	28.25
14842	35.00	2.0	31.0	11.4
14908	7.00	1.0	127.0	17.824175824175825
14952	51.00	1.0	38.0	21.0
14960	85.00	1.0	200.0	55.0
14986	5.00	1.0	178.0	40.142857142857146
15008	76.00	1.0	1.0	1.0
15016	11.00	1.0	383.0	32.50909090909091
15024	26.00	1.0	167.0	42.333333333333336
15070	7.00	41.0	189.0	115.0
15096	29.00	4.0	110.0	41.285714285714285
15304	36.00	1.0	513.0	35.45291479820628
15356	1.00	3.0	112.0	34.0
15370	9.00	1.0	140.0	30.0625
15376	56.00	1.0	167.0	29.666666666666668
15380	76.00	6.0	223.0	101.71428571428571
15412	14.00	2.0	239.0	38.57142857142857
15582	19.00	3.0	7.0	5.0
15624	1.00	1.0	79.0	19.9
16218	5.00	1.0	24.0	12.142857142857142
